[Presets]
Preset0=Normal
Preset1=Clear
Preset2=Alex

[Normal]
Preamp=0.625
Band0=0.625
Band1=0.625
Band2=0.625
Band3=0.625
Band4=0.625
Band5=0.625
Band6=0.625
Band7=0.625
Band8=0.625
Band9=0.625

[Clear]
Preamp=0.625
Band0=12.5
Band1=9.375
Band2=-0.625
Band3=-6.875
Band4=-10.625
Band5=-10
Band6=-2.5
Band7=6.25
Band8=9.375
Band9=12.5

[Alex]
Preamp=-1.11022e-15
Band0=4.8
Band1=-1.11022e-15
Band2=-4.8
Band3=-9.6
Band4=-8
Band5=-1.6
Band6=8
Band7=12
Band8=12.8
Band9=8

